   2.5000000e-03   1.0000000e+00
   1.4039694e-02   1.1792315e+00
   5.3390124e-02   1.5866872e+00
   1.2869527e-01   2.2020123e+00
   2.2462455e-01   3.0791941e+00
   3.9409608e-01   3.5441483e+00
   6.3612072e-01   4.4425925e+00
   8.9952971e-01   4.7769219e+00
   1.2592883e+00   5.6789127e+00
   1.7301936e+00   6.0563678e+00
   2.3158584e+00   7.0104706e+00
   2.9514756e+00   7.5505764e+00
   3.5953284e+00   7.6218110e+00
   4.2589004e+00   7.7147999e+00
   5.1497565e+00   7.7241324e+00
   6.4448954e+00   8.3668742e+00
   7.2767079e+00   8.3972595e+00
   8.3268308e+00   8.8522256e+00
   9.3925919e+00   8.8608733e+00
   1.1134384e+01   9.2149898e+00
   1.1864829e+01   8.4516464e+00
   1.2251384e+01   7.3008596e+00
   1.2251016e+01   6.1919597e+00
   1.2795053e+01   5.2330440e+00
   1.3586422e+01   4.8902570e+00
   1.4500034e+01   4.1791560e+00
   1.4670345e+01   3.2053650e+00
   1.5157132e+01   2.7674750e+00
   1.5454700e+01   2.0287060e+00
   1.6044023e+01   1.7460430e+00
   1.6155596e+01   1.2616780e+00
   1.6683335e+01   4.9497700e-01
   1.7517578e+01  -3.1197100e-01
   1.7646553e+01  -8.7863800e-01
   1.8220553e+01  -1.7506960e+00
   1.8973519e+01  -1.9512180e+00
   1.9904497e+01  -3.0241810e+00
   2.0086737e+01  -4.2005490e+00
   2.0644169e+01  -5.2897400e+00
   2.1001629e+01  -5.6056630e+00
   2.2549762e+01   1.8263340e+01
   2.2758108e+01   1.8204284e+01
   2.3714304e+01   1.7828309e+01
   2.4185067e+01   1.8185206e+01
   2.4228458e+01   1.8376831e+01
   2.5207443e+01   1.8160099e+01
   2.5341224e+01   1.8345379e+01
   2.6250678e+01   1.8456248e+01
   2.7150661e+01   1.8149681e+01
   2.7905086e+01   1.7995942e+01
   2.8323711e+01   1.7651662e+01
   2.9142712e+01   1.7776585e+01
   2.9881272e+01   1.8081698e+01
   2.9948495e+01   1.8532488e+01
   3.0446072e+01   1.8787634e+01
   3.1188477e+01   1.9118764e+01
   3.1344979e+01   1.9076072e+01
   3.1963079e+01   1.9508256e+01
   3.2798167e+01   1.9903679e+01
   3.3380686e+01   1.9986426e+01
   3.4235612e+01   3.0021292e+01
   3.5121032e+01   2.9613562e+01
   3.5157414e+01   2.8867414e+01
   3.5312243e+01   2.8723505e+01
   3.5918202e+01   2.8469024e+01
   3.6242356e+01   2.8067233e+01
   3.6648729e+01   2.7681042e+01
   3.7258531e+01   2.7514152e+01
   3.7446623e+01   2.7419523e+01
   3.7769809e+01   2.6649926e+01
   3.8003927e+01   2.5909560e+01
   3.8696746e+01   2.5085482e+01
   3.9524723e+01   2.4792114e+01
   3.9834093e+01   2.4269084e+01
   4.0159392e+01   2.3437242e+01
   4.0969686e+01   2.2880244e+01
   4.1232650e+01   2.2199677e+01
   4.1466304e+01   2.1743252e+01
   4.1850870e+01   2.1204651e+01
   4.2842574e+01   2.0449430e+01
   4.3823029e+01   2.0214648e+01
   4.4351588e+01   2.0163212e+01
   4.5108464e+01   1.9561232e+01
   4.5965632e+01   1.8572955e+01
   4.6895117e+01   1.8163440e+01
   4.6895458e+01   1.7622561e+01
   4.7103189e+01   1.7403278e+01
   4.7428995e+01   1.7307328e+01
   4.8176529e+01   1.6558819e+01
   4.8719828e+01   1.6220687e+01
   4.9552162e+01   1.5668115e+01
   5.0509705e+01   1.4775282e+01
   5.0866209e+01   1.4228880e+01
   5.1212890e+01   1.3606077e+01
   5.2009515e+01   1.2860202e+01
   5.2135051e+01   1.2037808e+01
   5.2160202e+01   1.1623379e+01
   5.2891609e+01   1.0842005e+01
   5.3258895e+01   1.0097137e+01
   5.4151162e+01   9.8545340e+00

   
   